quokka_version: 25.03
git_hash_quokka: 4d9f0b8ca76bfd4fd5cfa076e9f6d5eda1a7cc70-dirty
git_hash_amrex: 2304c89fefd99efc144585b0fcebccb3f5a62e10
units:
  unit_length: 1
  unit_mass: 1
  unit_time: 1
  unit_temperature: 1
constants:
  k_B: 1.3806488e-16
  G: 6.67428e-08
